2.99324e-07 -42.9071 -42.9071 2 1 
0.00012039 -42.9091 -42.9091 1 1 
0.000210654 -42.9106 -42.9106 1 1 
0.000391197 -42.9136 -42.9136 1 1 
0.000752347 -42.9195 -42.9195 1 1 
0.0014749 -42.9315 -42.9315 1 1 
0.00255936 -42.9494 -42.9494 1 1 
0.00418748 -42.9763 -42.9763 1 1 
0.00663289 -43.0166 -43.0166 1 1 
0.0103083 -43.0771 -43.0771 1 1 
0.015838 -43.1678 -43.1678 1 1 
0.0241702 -43.3038 -43.3038 1 1 
0.036755 -43.5078 -43.5078 1 1 
0.0507213 -43.732 -43.732 1 1 
0.066238 -43.9784 -43.9784 1 1 
0.0834992 -44.2493 -44.2493 1 1 
0.10273 -44.5468 -44.5468 1 1 
0.124193 -44.8736 -44.8736 1 1 
0.148197 -45.2322 -45.2322 1 1 
0.17511 -45.6254 -45.6254 1 1 
0.205373 -46.0561 -46.0561 1 1 
0.239524 -46.5268 -46.5268 1 1 
0.275872 -47.0095 -47.0095 1 1 
0.313357 -47.4867 -47.4867 1 1 
0.352069 -47.9569 -47.9569 1 1 
0.392102 -48.4188 -48.4188 1 1 
0.433548 -48.8706 -48.8706 1 1 
0.476495 -49.311 -49.311 1 1 
0.521037 -49.7387 -49.7387 1 1 
0.567269 -50.1529 -50.1529 1 1 
0.615294 -50.5529 -50.5529 1 1 
0.665222 -50.9387 -50.9387 1 1 
0.717174 -51.3104 -51.3104 1 1 
0.771281 -51.6687 -51.6687 1 1 
0.827679 -52.0142 -52.0142 1 1 
0.886507 -52.3478 -52.3478 1 1 
0.947907 -52.6703 -52.6703 1 1 
1.01201 -52.9828 -52.9828 1 1 
1.07896 -53.286 -53.286 1 1 
1.14887 -53.581 -53.581 1 1 
1.22184 -53.8685 -53.8685 1 1 
1.29797 -54.1493 -54.1493 1 1 
1.37732 -54.424 -54.424 1 1 
1.45993 -54.6935 -54.6935 1 1 
1.54583 -54.9581 -54.9581 1 1 
1.63499 -55.2185 -55.2185 1 1 
1.70213 -55.4063 -55.4063 2 1 
1.79681 -55.6606 -55.6606 2 1 
1.89453 -55.9119 -55.9119 2 1 
1.99513 -56.1607 -56.1607 2 1 
2.09842 -56.4074 -56.4074 2 1 
2.20415 -56.6523 -56.6523 2 1 
2.31201 -56.8958 -56.8958 2 1 
2.42167 -57.1382 -57.1382 2 1 
2.53273 -57.3799 -57.3799 2 1 
2.64474 -57.6211 -57.6211 2 1 
2.75719 -57.8623 -57.8623 2 1 
2.86954 -58.1038 -58.1038 2 1 
2.98116 -58.3459 -58.3459 2 1 
3.09139 -58.5889 -58.5889 2 1 
3.1995 -58.8333 -58.8333 2 1 
3.30472 -59.0794 -59.0794 2 1 
3.4062 -59.3275 -59.3275 2 1 
3.50305 -59.5781 -59.5781 2 1 
3.59435 -59.8315 -59.8315 2 1 
3.67911 -60.0881 -60.0881 2 1 
3.75635 -60.3484 -60.3484 2 1 
3.82505 -60.6127 -60.6127 2 1 
3.88421 -60.8814 -60.8814 2 1 
3.93291 -61.1549 -61.1549 2 1 
3.97029 -61.4334 -61.4334 2 1 
3.99564 -61.7174 -61.7174 2 1 
4.00843 -62.0069 -62.0069 2 1 
4.01002 -62.153 -62.153 2 1 
4.00359 -62.4515 -62.4515 2 1 
3.98448 -62.7563 -62.7563 2 1 
3.95323 -63.0676 -63.0676 2 1 
3.91076 -63.3856 -63.3856 2 1 
3.85838 -63.7107 -63.7107 2 1 
3.79779 -64.0432 -64.0432 2 1 
3.73105 -64.3837 -64.3837 2 1 
3.66055 -64.7326 -64.7326 2 1 
3.58904 -65.0906 -65.0906 2 1 
3.51953 -65.4585 -65.4585 2 1 
3.45532 -65.837 -65.837 2 1 
3.39993 -66.2267 -66.2267 2 1 
3.35709 -66.628 -66.628 2 1 
3.33055 -67.041 -67.041 2 1 
3.32353 -67.3807 -67.3807 2 1 
3.33538 -67.8135 -67.8135 1 1 
3.37272 -68.2555 -68.2555 1 1 
3.43751 -68.7044 -68.7044 1 1 
3.53071 -69.1577 -69.1577 1 1 
3.65218 -69.6126 -69.6126 1 1 
3.80088 -70.0664 -70.0664 1 1 
3.97509 -70.517 -70.517 1 1 
4.17269 -70.9625 -70.9625 1 1 
4.39146 -71.4017 -71.4017 1 1 
4.62921 -71.8338 -71.8338 1 1 
4.88393 -72.2582 -72.2582 1 1 
5.15383 -72.6747 -72.6747 1 1 
5.43733 -73.0833 -73.0833 1 1 
5.73309 -73.484 -73.484 1 1 
6.03996 -73.877 -73.877 1 1 
6.35694 -74.2623 -74.2623 1 1 
6.68321 -74.6401 -74.6401 1 1 
7.01803 -75.0107 -75.0107 1 1 
7.36078 -75.3741 -75.3741 1 1 
7.71092 -75.7306 -75.7306 1 1 
8.06798 -76.0802 -76.0802 1 1 
8.43154 -76.4232 -76.4232 1 1 
8.80124 -76.7596 -76.7596 1 1 
9.17673 -77.0896 -77.0896 1 1 
9.55772 -77.4133 -77.4133 1 1 
9.94393 -77.7308 -77.7308 1 1 
10.3351 -78.0421 -78.0421 1 1 
1.70213 -55.4063 -55.4063 4 2 
1.70213 -55.4052 -55.4074 3 2 
1.70213 -55.403 -55.4096 3 2 
1.70213 -55.3997 -55.4128 3 2 
1.70213 -55.3948 -55.4178 3 2 
1.70213 -55.3874 -55.4251 3 2 
1.70213 -55.3764 -55.4362 3 2 
1.70214 -55.3597 -55.4528 3 2 
1.70216 -55.3348 -55.4776 3 2 
1.70219 -55.2974 -55.5148 3 2 
1.70228 -55.2412 -55.5706 3 2 
1.70246 -55.1566 -55.6541 3 2 
1.70276 -55.0635 -55.7457 3 2 
1.70318 -54.9607 -55.8462 3 2 
1.70376 -54.8474 -55.9562 3 2 
1.70455 -54.7224 -56.0768 3 2 
1.70556 -54.5846 -56.2089 3 2 
1.70685 -54.4325 -56.3534 3 2 
1.70845 -54.2647 -56.5115 3 2 
1.71039 -54.0795 -56.6843 3 2 
1.71269 -53.8752 -56.8734 3 2 
1.71536 -53.6494 -57.0801 3 2 
1.71836 -53.3998 -57.306 3 2 
1.7216 -53.124 -57.5532 3 2 
1.72498 -52.8187 -57.8236 3 2 
1.72831 -52.4807 -58.1208 3 2 
1.73138 -52.1068 -58.4468 3 2 
1.73398 -51.6937 -58.8051 3 2 
1.73597 -51.2389 -59.2003 3 2 
1.73734 -50.7402 -59.6359 3 2 
1.73815 -50.1988 -60.1156 3 2 
1.73856 -49.6357 -60.626 3 2 
1.73875 -49.0909 -61.1357 3 2 
1.73883 -48.5695 -61.6446 3 2 
1.73886 -48.0738 -62.1517 3 2 
1.73888 -47.6087 -62.656 3 2 
1.73888 -47.1758 -63.158 3 2 
1.73889 -46.7769 -63.6583 3 2 
1.73889 -46.4106 -64.1579 3 2 
1.73889 -46.078 -64.661 3 2 
1.73889 -45.7782 -65.1713 3 2 
1.73889 -45.5101 -65.6973 3 2 
1.73889 -45.272 -66.2505 3 2 
1.73889 -45.0614 -66.8523 3 2 
1.73889 -44.8818 -67.5278 3 2 
1.73889 -44.7357 -68.3202 3 2 
1.73889 -44.6349 -69.2276 3 2 
1.7389 -44.583 -70.1396 3 2 
1.73892 -44.5602 -70.9519 3 2 
1.73896 -44.5479 -71.6562 3 2 
1.73907 -44.5433 -72.276 3 2 
1.7393 -44.5411 -72.8277 3 2 
1.7398 -44.5406 -73.3269 3 2 
1.74077 -44.5411 -73.7733 3 2 
1.74257 -44.5432 -74.1781 3 2 
1.74566 -44.5479 -74.5416 3 2 
1.75054 -44.5553 -74.8632 3 2 
1.75758 -44.5614 -75.1452 3 2 
1.76697 -44.5711 -75.3895 3 2 
1.77869 -44.5863 -75.6046 3 2 
1.7926 -44.6023 -75.7981 3 2 
1.80849 -44.62 -75.9696 3 2 
1.82616 -44.6424 -76.1252 3 2 
1.8454 -44.6637 -76.2676 3 2 
1.86607 -44.6889 -76.3982 3 2 
1.88803 -44.7183 -76.5193 3 2 
1.91116 -44.7431 -76.6325 3 2 
1.93536 -44.7717 -76.7438 3 2 
1.96057 -44.7994 -76.8461 3 2 
1.9867 -44.8308 -76.9442 3 2 
2.0137 -44.8652 -77.0355 3 2 
2.04152 -44.8959 -77.1303 3 2 
2.07012 -44.9314 -77.2153 3 2 
2.09944 -44.9638 -77.302 3 2 
2.12946 -45.0008 -77.3867 3 2 
2.16013 -45.036 -77.4636 3 2 
2.19141 -45.0761 -77.5446 3 2 
2.22329 -45.1142 -77.6218 3 2 
2.25571 -45.1509 -77.6959 3 2 
2.28864 -45.1925 -77.7683 3 2 
2.32205 -45.2313 -77.8369 3 2 
2.3559 -45.2755 -77.909 3 2 
2.39015 -45.3137 -77.9792 3 2 
2.42476 -45.3582 -78.0464 3 2 
2.45968 -45.4004 -78.111 3 2 
2.49487 -45.4434 -78.1735 3 2 
2.53028 -45.4926 -78.234 3 2 
2.56586 -45.5334 -78.3004 3 2 
2.60156 -45.5797 -78.3619 3 2 
2.6373 -45.624 -78.4218 3 2 
2.67304 -45.6709 -78.4785 3 2 
2.7087 -45.718 -78.5313 3 2 
2.74421 -45.7667 -78.59 3 2 
2.77949 -45.8127 -78.6421 3 2 
2.81447 -45.8623 -78.6912 3 2 
2.84907 -45.9075 -78.7482 3 2 
2.88318 -45.9557 -78.7967 3 2 
2.91673 -46.0081 -78.841 3 2 
2.94962 -46.0521 -78.8911 3 2 
2.98174 -46.1039 -78.9322 3 2 
3.013 -46.1471 -78.9766 3 2 
3.0433 -46.1972 -79.0194 3 2 
3.07253 -46.2412 -79.0554 3 2 
3.10059 -46.2897 -79.095 3 2 
3.12739 -46.3349 -79.1247 3 2 
3.15283 -46.3798 -79.1605 3 2 
3.17683 -46.4205 -79.1911 3 2 
3.1993 -46.4649 -79.2206 3 2 
3.22017 -46.5064 -79.2459 3 2 
3.2394 -46.543 -79.27 3 2 
3.25695 -46.5855 -79.2887 3 2 
3.27278 -46.617 -79.3086 3 2 
3.2869 -46.653 -79.3285 3 2 
3.29933 -46.6846 -79.3413 3 2 
3.31011 -46.7143 -79.3502 3 2 
3.31929 -46.7416 -79.3679 3 2 
3.32697 -46.7699 -79.377 3 2 
3.33325 -46.7886 -79.3849 3 2 
3.33824 -46.8156 -79.3835 3 2 
3.34209 -46.8287 -79.3938 3 2 
3.34495 -46.8498 -79.3985 3 2 
3.34698 -46.8607 -79.3975 3 2 
3.34835 -46.8771 -79.3991 3 2 
3.34921 -46.8852 -79.3973 3 2 
3.3497 -46.8991 -79.4017 3 2 
3.34997 -46.9064 -79.4019 3 2 
3.35009 -46.9142 -79.3975 3 2 
3.35015 -46.9239 -79.3998 3 2 
3.35017 -46.9312 -79.4007 3 2 
3.35017 -46.9374 -79.3974 3 2 
3.35018 -46.9441 -79.4006 3 2 
3.35018 -46.9439 -79.4042 3 2 
3.35018 -46.9505 -79.4042 3 2 
3.35018 -46.9569 -79.405 3 2 
3.35018 -46.9529 -79.3999 3 2 
3.35018 -46.9564 -79.4046 3 2 
3.35018 -46.9569 -79.3992 3 2 
3.35018 -46.9574 -79.403 3 2 
3.35018 -46.9548 -79.3987 3 2 
3.35018 -46.9541 -79.3946 3 2 
3.35018 -46.9516 -79.4035 3 2 
3.35018 -46.9489 -79.4021 3 2 
3.35018 -46.9447 -79.3932 3 2 
3.35018 -46.9392 -79.4018 3 2 
3.35017 -46.9337 -79.3913 3 2 
3.35016 -46.9276 -79.4046 3 2 
3.35014 -46.9203 -79.3988 3 2 
3.35008 -46.9149 -79.4049 3 2 
3.34993 -46.9042 -79.3994 3 2 
3.34964 -46.8942 -79.4024 3 2 
3.34909 -46.8844 -79.3983 3 2 
3.34815 -46.8712 -79.402 3 2 
3.34669 -46.8576 -79.3954 3 2 
3.34452 -46.8434 -79.3984 3 2 
3.3415 -46.8267 -79.3893 3 2 
3.33746 -46.8061 -79.3874 3 2 
3.33225 -46.7866 -79.3835 3 2 
3.32574 -46.7623 -79.3654 3 2 
3.3178 -46.7358 -79.3632 3 2 
3.30834 -46.7084 -79.3548 3 2 
3.29727 -46.6774 -79.3384 3 2 
3.28454 -46.6452 -79.3165 3 2 
3.27011 -46.6127 -79.3079 3 2 
3.25397 -46.575 -79.2792 3 2 
3.23612 -46.5362 -79.2578 3 2 
3.21659 -46.4982 -79.2372 3 2 
3.19542 -46.4563 -79.2137 3 2 
3.17267 -46.415 -79.1868 3 2 
3.14841 -46.3694 -79.1565 3 2 
3.12271 -46.3247 -79.1236 3 2 
3.09567 -46.2792 -79.0867 3 2 
3.06738 -46.2327 -79.0469 3 2 
3.03795 -46.1867 -79.005 3 2 
3.00747 -46.1393 -78.9679 3 2 
2.97604 -46.0909 -78.9275 3 2 
2.94377 -46.0442 -78.8815 3 2 
2.91075 -45.9955 -78.8332 3 2 
2.87709 -45.9473 -78.7886 3 2 
2.84287 -45.9013 -78.7368 3 2 
2.8082 -45.8528 -78.6856 3 2 
2.77315 -45.8037 -78.6355 3 2 
2.73782 -45.7558 -78.5818 3 2 
2.70227 -45.7091 -78.5264 3 2 
2.66659 -45.6625 -78.4612 3 2 
2.63084 -45.6175 -78.4037 3 2 
2.5951 -45.5702 -78.3448 3 2 
2.55942 -45.5251 -78.2907 3 2 
2.52386 -45.4814 -78.2281 3 2 
2.48848 -45.4353 -78.1651 3 2 
2.45334 -45.3937 -78.0965 3 2 
2.41846 -45.3484 -78.0285 3 2 
2.38392 -45.306 -77.959 3 2 
2.34974 -45.2645 -77.8981 3 2 
2.31597 -45.2239 -77.8279 3 2 
2.28264 -45.1853 -77.7563 3 2 
2.2498 -45.1437 -77.682 3 2 
2.21747 -45.1053 -77.6069 3 2 
2.18571 -45.0683 -77.5313 3 2 
2.15453 -45.0322 -77.4441 3 2 
2.12398 -44.9929 -77.3649 3 2 
2.09409 -44.9582 -77.2836 3 2 
2.0649 -44.9235 -77.2007 3 2 
2.03644 -44.8894 -77.1126 3 2 
2.00877 -44.858 -77.0176 3 2 
1.98192 -44.8254 -76.9256 3 2 
1.95596 -44.7947 -76.8264 3 2 
1.93094 -44.766 -76.7222 3 2 
1.90693 -44.736 -76.6152 3 2 
1.88401 -44.7121 -76.4991 3 2 
1.86228 -44.6835 -76.3753 3 2 
1.84187 -44.6625 -76.2372 3 2 
1.82291 -44.6371 -76.0946 3 2 
1.80556 -44.6178 -75.9389 3 2 
1.79002 -44.5993 -75.7643 3 2 
1.7765 -44.5839 -75.5722 3 2 
1.76519 -44.5693 -75.3508 3 2 
1.75623 -44.5589 -75.0957 3 2 
1.74958 -44.5512 -74.8131 3 2 
1.74505 -44.5482 -74.4792 3 2 
1.7422 -44.5456 -74.1182 3 2 
1.74057 -44.543 -73.7043 3 2 
1.73969 -44.5419 -73.2481 3 2 
1.73926 -44.5419 -72.7498 3 2 
1.73905 -44.5436 -72.1917 3 2 
1.73895 -44.5494 -71.5612 3 2 
1.73892 -44.562 -70.8522 3 2 
1.7389 -44.5861 -70.0333 3 2 
1.73889 -44.6456 -69.1117 3 2 
1.73889 -44.7563 -68.1932 3 2 
1.73889 -44.9109 -67.4028 3 2 
1.73889 -45.098 -66.7355 3 2 
1.73889 -45.3136 -66.1445 3 2 
1.73889 -45.5588 -65.5969 3 2 
1.73889 -45.8324 -65.0749 3 2 
1.73889 -46.1378 -64.5668 3 2 
1.73889 -46.4766 -64.0646 3 2 
1.73888 -46.848 -63.5648 3 2 
1.73888 -47.2538 -63.0648 3 2 
1.73887 -47.6927 -62.5629 3 2 
1.73886 -48.164 -62.0577 3 2 
1.73882 -48.6639 -61.5504 3 2 
1.73873 -49.1905 -61.0411 3 2 
1.73851 -49.7394 -60.5306 3 2 
1.73803 -50.3052 -60.0206 3 2 
1.73702 -50.8833 -59.5104 3 2 
1.73507 -51.4681 -59.0011 3 2 
1.73175 -52.0543 -58.4927 3 2 
1.72683 -52.637 -57.9839 3 2 
1.72055 -53.215 -57.4718 3 2 
1.71371 -53.7878 -56.9534 3 2 
1.70756 -54.356 -56.4256 3 2 
1.70338 -54.9201 -55.8856 3 2 
1.70213 -55.4046 -55.408 3 2 
1.70213 -55.406 -55.4066 3 2 
1.70373 -54.8536 -55.9503 3 2 
1.70822 -54.2878 -56.4898 3 2 
1.71455 -53.7175 -57.0179 3 2 
1.72139 -53.1429 -57.5363 3 2 
1.72755 -52.5629 -58.0485 3 2 
1.73227 -51.9785 -58.5584 3 2 
1.73539 -51.3918 -59.0676 3 2 
1.73719 -50.8074 -59.577 3 2 
1.73812 -50.2304 -60.0874 3 2 
1.73855 -49.6663 -60.5975 3 2 
1.73874 -49.1205 -61.1075 3 2 
1.73882 -48.5973 -61.6169 3 2 
1.73886 -48.1004 -62.1239 3 2 
1.73888 -47.6336 -62.6282 3 2 
1.73888 -47.199 -63.1307 3 2 
1.73889 -46.7979 -63.6307 3 2 
1.73889 -46.4309 -64.1305 3 2 
1.73889 -46.0963 -64.6322 3 2 
1.73889 -45.7955 -65.1429 3 2 
1.73889 -45.5241 -65.6671 3 2 
1.73889 -45.2846 -66.2187 3 2 
1.73889 -45.0722 -66.8174 3 2 
1.73889 -44.8912 -67.4878 3 2 
1.73889 -44.7448 -68.2739 3 2 
1.73889 -44.6411 -69.1754 3 2 
1.7389 -44.5835 -70.0937 3 2 
1.73892 -44.5608 -70.9074 3 2 
1.73896 -44.5487 -71.6206 3 2 
1.73906 -44.5442 -72.2447 3 2 
1.73929 -44.5432 -72.8007 3 2 
1.73976 -44.5442 -73.3003 3 2 
1.7407 -44.5432 -73.7508 3 2 
1.74244 -44.545 -74.1576 3 2 
1.74545 -44.5475 -74.524 3 2 
1.75021 -44.5516 -74.8467 3 2 
1.75713 -44.5607 -75.1302 3 2 
1.76639 -44.5744 -75.3772 3 2 
1.77799 -44.5846 -75.5921 3 2 
1.79178 -44.6041 -75.789 3 2 
1.80757 -44.6196 -75.9584 3 2 
1.82513 -44.6433 -76.1132 3 2 
1.8443 -44.6628 -76.2575 3 2 
1.86489 -44.6865 -76.3912 3 2 
1.88678 -44.7139 -76.5124 3 2 
1.90985 -44.7429 -76.6246 3 2 
1.934 -44.7684 -76.7372 3 2 
