0.1 -44.8496 -44.8496 2 1 
0.100136 -44.8514 -44.8514 1 1 
0.100272 -44.8532 -44.8532 1 1 
0.100545 -44.8568 -44.8568 1 1 
0.10109 -44.8641 -44.8641 1 1 
0.101909 -44.8749 -44.8749 1 1 
0.103138 -44.8911 -44.8911 1 1 
0.104984 -44.9155 -44.9155 1 1 
0.10776 -44.9519 -44.9519 1 1 
0.11194 -45.0066 -45.0066 1 1 
0.118243 -45.0885 -45.0885 1 1 
0.127776 -45.211 -45.211 1 1 
0.138373 -45.3453 -45.3453 1 1 
0.150167 -45.4925 -45.4925 1 1 
0.16331 -45.6538 -45.6538 1 1 
0.177979 -45.8305 -45.8305 1 1 
0.19438 -46.0239 -46.0239 1 1 
0.212752 -46.2355 -46.2355 1 1 
0.233377 -46.4668 -46.4668 1 1 
0.256589 -46.7196 -46.7196 1 1 
0.282784 -46.9956 -46.9956 1 1 
0.31244 -47.2967 -47.2967 1 1 
0.346131 -47.6249 -47.6249 1 1 
0.38456 -47.9823 -47.9823 1 1 
0.428588 -48.3712 -48.3712 1 1 
0.477375 -48.7785 -48.7785 1 1 
0.528502 -49.181 -49.181 1 1 
0.582116 -49.5789 -49.5789 1 1 
0.638367 -49.9723 -49.9723 1 1 
0.697408 -50.3616 -50.3616 1 1 
0.759391 -50.7468 -50.7468 1 1 
0.824466 -51.1282 -51.1282 1 1 
0.892784 -51.506 -51.506 1 1 
0.96449 -51.8805 -51.8805 1 1 
1.03973 -52.2517 -52.2517 1 1 
1.11863 -52.6199 -52.6199 1 1 
1.20133 -52.9853 -52.9853 1 1 
1.28793 -53.3481 -53.3481 1 1 
1.37856 -53.7085 -53.7085 1 1 
1.4733 -54.0666 -54.0666 1 1 
1.57223 -54.4226 -54.4226 1 1 
1.67543 -54.7768 -54.7768 1 1 
1.78292 -55.1291 -55.1291 1 1 
1.89476 -55.4799 -55.4799 1 1 
2.01094 -55.8292 -55.8292 1 1 
2.13145 -56.1773 -56.1773 1 1 
2.25625 -56.5242 -56.5242 1 1 
2.3853 -56.87 -56.87 1 1 
2.51852 -57.2151 -57.2151 1 1 
2.65579 -57.5594 -57.5594 1 1 
2.797 -57.9033 -57.9033 1 1 
2.94199 -58.2467 -58.2467 1 1 
3.09059 -58.5899 -58.5899 1 1 
3.24261 -58.9331 -58.9331 1 1 
3.39783 -59.2765 -59.2765 1 1 
3.556 -59.6201 -59.6201 1 1 
3.68785 -59.9025 -59.9025 2 1 
3.85072 -60.2473 -60.2473 2 1 
4.01577 -60.5929 -60.5929 2 1 
4.18268 -60.9396 -60.9396 2 1 
4.35112 -61.2876 -61.2876 2 1 
4.52076 -61.6372 -61.6372 2 1 
4.69124 -61.9885 -61.9885 2 1 
4.86221 -62.3417 -62.3417 2 1 
5.0333 -62.6972 -62.6972 2 1 
5.20415 -63.0551 -63.0551 2 1 
5.3744 -63.4157 -63.4157 2 1 
5.54371 -63.7791 -63.7791 2 1 
5.71175 -64.1456 -64.1456 2 1 
5.87822 -64.5153 -64.5153 2 1 
6.04285 -64.8885 -64.8885 2 1 
6.20543 -65.2653 -65.2653 2 1 
6.36578 -65.6457 -65.6457 2 1 
6.52382 -66.03 -66.03 2 1 
6.67954 -66.4181 -66.4181 2 1 
6.83301 -66.8101 -66.8101 2 1 
6.98442 -67.206 -67.206 2 1 
7.13406 -67.6058 -67.6058 2 1 
7.28236 -68.0093 -68.0093 2 1 
7.42986 -68.4164 -68.4164 2 1 
7.57722 -68.827 -68.827 2 1 
7.72523 -69.2408 -69.2408 2 1 
7.87477 -69.6576 -69.6576 2 1 
7.87667 -69.6629 -69.6629 2 1 
8.02879 -70.0824 -70.0824 1 1 
8.18453 -70.5042 -70.5042 1 1 
8.34501 -70.9279 -70.9279 1 1 
8.51139 -71.3529 -71.3529 1 1 
8.68481 -71.7787 -71.7787 1 1 
8.86638 -72.2047 -72.2047 1 1 
9.05714 -72.6302 -72.6302 1 1 
9.25802 -73.0545 -73.0545 1 1 
9.46982 -73.4769 -73.4769 1 1 
9.69322 -73.8965 -73.8965 1 1 
9.92868 -74.3125 -74.3125 1 1 
10.1765 -74.7243 -74.7243 1 1 
3.68785 -59.9025 -59.9025 4 3 
3.68785 -59.9014 -59.9037 3 3 
3.68785 -59.8991 -59.906 3 3 
3.68785 -59.8945 -59.9106 3 3 
3.68785 -59.8876 -59.9175 3 3 
3.68785 -59.8772 -59.9279 3 3 
3.68786 -59.8617 -59.9434 3 3 
3.68788 -59.8385 -59.9668 3 3 
3.68793 -59.8037 -60.0019 3 3 
3.68804 -59.7516 -60.0546 3 3 
3.68828 -59.6737 -60.134 3 3 
3.68884 -59.5575 -60.2536 3 3 
3.69011 -59.3846 -60.4343 3 3 
3.69209 -59.1966 -60.6345 3 3 
3.69497 -58.9921 -60.8565 3 3 
3.69899 -58.7707 -61.1029 3 3 
3.70442 -58.5311 -61.3762 3 3 
3.71158 -58.2729 -61.679 3 3 
3.72087 -57.9954 -62.0149 3 3 
3.73274 -57.6984 -62.3875 3 3 
3.74773 -57.3823 -62.8001 3 3 
3.76645 -57.0478 -63.2572 3 3 
3.78963 -56.6964 -63.7625 3 3 
3.81812 -56.3306 -64.3223 3 3 
3.85297 -55.9545 -64.9398 3 3 
3.89288 -55.5947 -65.5827 3 3 
3.9367 -55.2667 -66.2265 3 3 
3.98464 -54.972 -66.8699 3 3 
4.03701 -54.7112 -67.5134 3 3 
4.09432 -54.4872 -68.1551 3 3 
4.1572 -54.3003 -68.7922 3 3 
4.22641 -54.1529 -69.4239 3 3 
4.30278 -54.047 -70.0452 3 3 
4.38718 -53.984 -70.6555 3 3 
4.48039 -53.9648 -71.2488 3 3 
4.58306 -53.9894 -71.8211 3 3 
4.69563 -54.0588 -72.3685 3 3 
4.81831 -54.1718 -72.8882 3 3 
4.95108 -54.3271 -73.3774 3 3 
5.09378 -54.5241 -73.8338 3 3 
5.2461 -54.7633 -74.2558 3 3 
5.40765 -55.0458 -74.6437 3 3 
5.57798 -55.3701 -74.9946 3 3 
5.7565 -55.7417 -75.3081 3 3 
5.94244 -56.1637 -75.5804 3 3 
6.13464 -56.6408 -75.8055 3 3 
6.33133 -57.1796 -75.977 3 3 
6.52967 -57.787 -76.0858 3 3 
6.72528 -58.4665 -76.1189 3 3 
6.91213 -59.2143 -76.0673 3 3 
7.08347 -60.0157 -75.9211 3 3 
7.2341 -60.8477 -75.6868 3 3 
7.36228 -61.6871 -75.3757 3 3 
7.46945 -62.5152 -75.0015 3 3 
7.55855 -63.3261 -74.5789 3 3 
7.63261 -64.1146 -74.1182 3 3 
7.69413 -64.8807 -73.6277 3 3 
7.74502 -65.6248 -73.112 3 3 
7.78661 -66.348 -72.5758 3 3 
7.81979 -67.0521 -72.0201 3 3 
7.84512 -67.7379 -71.4477 3 3 
7.86293 -68.4066 -70.8582 3 3 
7.87342 -69.059 -70.2523 3 3 
7.87667 -69.6615 -69.6643 4 3 
7.87305 -69.0255 -70.2843 3 3 
7.86218 -68.3721 -70.8894 3 3 
7.84398 -67.7025 -71.478 3 3 
7.81824 -67.0154 -72.0499 3 3 
7.78463 -66.3105 -72.6046 3 3 
7.74257 -65.5861 -73.1401 3 3 
7.69115 -64.8409 -73.6545 3 3 
7.62902 -64.0733 -74.1438 3 3 
7.55428 -63.2841 -74.6024 3 3 
7.46442 -62.4734 -75.0224 3 3 
7.35648 -61.6451 -75.3922 3 3 
7.22763 -60.8094 -75.6996 3 3 
7.07647 -59.9809 -75.9298 3 3 
6.9046 -59.1822 -76.0713 3 3 
6.71711 -58.4361 -76.1187 3 3 
6.52089 -57.7587 -76.0818 3 3 
6.32214 -57.1541 -75.9693 3 3 
6.12529 -56.6161 -75.7958 3 3 
5.93314 -56.1417 -75.5677 3 3 
5.74741 -55.7223 -75.2928 3 3 
5.5692 -55.3531 -74.979 3 3 
5.39926 -55.0298 -74.6256 3 3 
5.23814 -54.7503 -74.2357 3 3 
5.0863 -54.5134 -73.8116 3 3 
4.9441 -54.318 -73.3531 3 3 
4.81183 -54.1644 -72.8625 3 3 
4.68967 -54.0538 -72.3411 3 3 
4.57759 -53.9875 -71.7923 3 3 
4.4754 -53.9643 -71.219 3 3 
4.38263 -53.9867 -70.6237 3 3 
4.29865 -54.0517 -70.0143 3 3 
4.22264 -54.1598 -69.3909 3 3 
4.15377 -54.3089 -68.7586 3 3 
4.09119 -54.498 -68.1214 3 3 
4.03414 -54.724 -67.4801 3 3 
3.982 -54.9865 -66.8366 3 3 
3.93429 -55.2834 -66.1926 3 3 
3.89068 -55.6131 -65.5488 3 3 
3.85098 -55.9743 -64.9064 3 3 
3.81514 -56.3661 -64.2661 3 3 
3.78325 -56.7876 -63.629 3 3 
3.75548 -57.2371 -62.9957 3 3 
3.73209 -57.7137 -62.3681 3 3 
3.71335 -58.2157 -61.7473 3 3 
3.69958 -58.7418 -61.1354 3 3 
3.69103 -59.2896 -60.5349 3 3 
3.68787 -59.8569 -59.9482 3 3 
3.68785 -59.9025 -59.9026 3 3 
3.69057 -59.3353 -60.4864 3 3 
3.69869 -58.7857 -61.086 3 3 
3.71205 -58.2577 -61.6971 3 3 
3.73039 -57.7535 -62.3175 3 3 
3.75343 -57.2746 -62.945 3 3 
3.78086 -56.8226 -63.5779 3 3 
3.81244 -56.3989 -64.215 3 3 
3.84797 -56.0046 -64.8551 3 3 
3.88736 -55.6408 -65.4975 3 3 
3.93066 -55.3086 -66.1412 3 3 
3.97804 -55.0092 -66.7852 3 3 
4.0298 -54.7438 -67.4287 3 3 
4.08642 -54.5146 -68.0701 3 3 
4.14852 -54.3228 -68.708 3 3 
4.21685 -54.1701 -69.3406 3 3 
4.29222 -54.0587 -69.9637 3 3 
4.3755 -53.99 -70.5759 3 3 
4.4675 -53.9645 -71.171 3 3 
4.56889 -53.9838 -71.7461 3 3 
4.68013 -54.0466 -72.2974 3 3 
4.80146 -54.1542 -72.8206 3 3 
4.93291 -54.3039 -73.3142 3 3 
5.07431 -54.4954 -73.7753 3 3 
5.22537 -54.7297 -74.2014 3 3 
5.38572 -55.0052 -74.5941 3 3 
5.55492 -55.3248 -74.9514 3 3 
5.73239 -55.6897 -75.269 3 3 
5.9174 -56.1042 -75.5468 3 3 
6.10886 -56.5743 -75.7785 3 3 
6.3051 -57.1044 -75.9575 3 3 
6.50342 -57.7031 -76.0751 3 3 
6.69971 -58.3727 -76.12 3 3 
6.88811 -59.1114 -76.0783 3 3 
7.06187 -59.9076 -75.9467 3 3 
7.21543 -60.7372 -75.7235 3 3 
7.34655 -61.5755 -75.4209 3 3 
7.45636 -62.4069 -75.0543 3 3 
7.54767 -63.2199 -74.6377 3 3 
7.62356 -64.0112 -74.1811 3 3 
7.68662 -64.7807 -73.6943 3 3 
7.73884 -65.5275 -73.182 3 3 
7.7816 -66.2534 -72.6478 3 3 
7.81585 -66.9599 -72.0951 3 3 
7.8422 -67.648 -71.5245 3 3 
7.86099 -68.319 -70.9372 3 3 
7.87245 -68.9735 -70.3336 3 3 
7.87664 -69.6119 -69.7138 3 3 
7.87667 -69.6627 -69.6631 3 3 
7.87306 -69.0266 -70.2832 3 3 
7.86221 -68.3733 -70.8883 3 3 
7.84402 -67.7037 -71.4769 3 3 
7.8183 -67.0167 -72.0489 3 3 
7.7847 -66.3118 -72.6036 3 3 
7.74266 -65.5875 -73.1392 3 3 
7.69126 -64.8422 -73.6535 3 3 
7.62915 -64.0747 -74.1429 3 3 
7.55443 -63.2859 -74.6016 3 3 
7.4646 -62.4752 -75.0217 3 3 
7.3567 -61.6467 -75.3914 3 3 
7.22789 -60.8107 -75.6991 3 3 
7.07677 -59.9822 -75.9296 3 3 
6.90494 -59.1839 -76.0711 3 3 
6.71747 -58.4374 -76.1189 3 3 
6.52126 -57.7601 -76.0817 3 3 
6.32251 -57.1551 -75.9698 3 3 
6.12565 -56.6174 -75.7958 3 3 
5.93349 -56.143 -75.5676 3 3 
5.74775 -55.7227 -75.2933 3 3 
5.56952 -55.3543 -74.9795 3 3 
5.39957 -55.0302 -74.6258 3 3 
5.23843 -54.7511 -74.2355 3 3 
5.08657 -54.5136 -73.8121 3 3 
4.94436 -54.3186 -73.3532 3 3 
4.81207 -54.1648 -72.8626 3 3 
4.68988 -54.054 -72.3421 3 3 
4.57779 -53.9877 -71.7932 3 3 
4.47558 -53.9643 -71.22 3 3 
4.3828 -53.9866 -70.6247 3 3 
4.2988 -54.0515 -70.0154 3 3 
4.22278 -54.1595 -69.3922 3 3 
4.15389 -54.3086 -68.7596 3 3 
4.0913 -54.4977 -68.1227 3 3 
4.03424 -54.7235 -67.4813 3 3 
3.9821 -54.9859 -66.8378 3 3 
3.93438 -55.2828 -66.1938 3 3 
3.89076 -55.6124 -65.55 3 3 
3.85105 -55.9736 -64.9077 3 3 
3.81521 -56.3654 -64.2673 3 3 
3.78331 -56.7868 -63.6303 3 3 
3.75553 -57.2362 -62.997 3 3 
3.73213 -57.7127 -62.3693 3 3 
3.71339 -58.2148 -61.7484 3 3 
3.6996 -58.7408 -61.1365 3 3 
3.69104 -59.2886 -60.536 3 3 
3.68787 -59.8559 -59.9493 3 3 
3.72002 -58.0189 -61.986 3 3 
3.74052 -57.5278 -62.6079 3 3 
3.76564 -57.0613 -63.238 3 3 
3.79502 -56.6223 -63.8728 3 3 
3.82845 -56.2121 -64.512 3 3 
3.86578 -55.8318 -65.1528 3 3 
3.90697 -55.4823 -65.7962 3 3 
3.95213 -55.1651 -66.4401 3 3 
4.0015 -54.8818 -67.0841 3 3 
4.05545 -54.6328 -67.7269 3 3 
4.11453 -54.4207 -68.3665 3 3 
4.17942 -54.2474 -69.0028 3 3 
4.25091 -54.1136 -69.6315 3 3 
4.32985 -54.0216 -70.2488 3 3 
4.41708 -53.9725 -70.8541 3 3 
4.51337 -53.9679 -71.4401 3 3 
4.61929 -54.0072 -72.0047 3 3 
4.7352 -54.0912 -72.5438 3 3 
4.86124 -54.2185 -73.0531 3 3 
4.99733 -54.3876 -73.5308 3 3 
5.14326 -54.5987 -73.9773 3 3 
5.29868 -54.852 -74.3889 3 3 
5.4632 -55.1485 -74.7651 3 3 
5.63632 -55.488 -75.1034 3 3 
5.8174 -55.8757 -75.4023 3 3 
6.00557 -56.315 -75.6594 3 3 
6.19951 -56.8126 -75.8688 3 3 
6.39712 -57.3732 -76.0198 3 3 
6.59512 -58.0048 -76.105 3 3 
6.78857 -58.7079 -76.1121 3 3 
6.971 -59.4756 -76.0292 3 3 
7.1359 -60.2899 -75.8524 3 3 
7.27909 -61.1264 -75.5909 3 3 
7.40003 -61.9629 -75.2575 3 3 
7.50086 -62.7864 -74.8665 3 3 
7.58465 -63.5899 -74.4302 3 3 
7.6543 -64.3713 -73.9586 3 3 
7.71212 -65.1299 -73.4594 3 3 
7.7598 -65.867 -72.9365 3 3 
7.79852 -66.5836 -72.3934 3 3 
7.82904 -67.2815 -71.8323 3 3 
7.85185 -67.9615 -71.2539 3 3 
7.86722 -68.6248 -70.6589 3 3 
7.87529 -69.2719 -70.0478 3 3 
7.87667 -69.6628 -69.663 4 3 
7.87307 -69.027 -70.2829 3 3 
7.86222 -68.3739 -70.888 3 3 
7.84403 -67.7041 -71.4768 3 3 
7.81831 -67.0172 -72.0488 3 3 
7.78472 -66.312 -72.6032 3 3 
7.74268 -65.5875 -73.1388 3 3 
7.69128 -64.8423 -73.6534 3 3 
7.62918 -64.0752 -74.1427 3 3 
7.55447 -63.2856 -74.6011 3 3 
7.46465 -62.475 -75.0215 3 3 
7.35675 -61.6473 -75.3911 3 3 
7.22796 -60.8108 -75.6993 3 3 
7.07685 -59.9821 -75.9298 3 3 
6.90502 -59.184 -76.0708 3 3 
6.71756 -58.4378 -76.1202 3 3 
6.52135 -57.7608 -76.0823 3 3 
6.3226 -57.155 -75.9706 3 3 
6.12575 -56.6173 -75.7964 3 3 
5.93358 -56.1423 -75.5686 3 3 
5.74783 -55.7234 -75.2943 3 3 
5.56961 -55.3536 -74.9781 3 3 
5.39965 -55.031 -74.6263 3 3 
5.23851 -54.7507 -74.237 3 3 
5.08664 -54.5142 -73.8124 3 3 
4.94442 -54.3182 -73.3534 3 3 
4.81213 -54.1645 -72.8629 3 3 
4.68994 -54.0539 -72.3415 3 3 
4.57784 -53.9875 -71.7936 3 3 
4.47562 -53.9643 -71.2204 3 3 
4.38284 -53.9864 -70.626 3 3 
4.29883 -54.0512 -70.0157 3 3 
4.22281 -54.1593 -69.3926 3 3 
4.15392 -54.3085 -68.7607 3 3 
4.09132 -54.4974 -68.1224 3 3 
4.03427 -54.7235 -67.4814 3 3 
3.98212 -54.9857 -66.8381 3 3 
3.9344 -55.2825 -66.1936 3 3 
3.89078 -55.6121 -65.5499 3 3 
3.85107 -55.9733 -64.9081 3 3 
3.81522 -56.3653 -64.2677 3 3 
3.78332 -56.7866 -63.6304 3 3 
3.75554 -57.2359 -62.9974 3 3 
3.73214 -57.7126 -62.3696 3 3 
3.71339 -58.2145 -61.7486 3 3 
3.69961 -58.7406 -61.1367 3 3 
3.69104 -59.2883 -60.5363 3 3 
3.68787 -59.8556 -59.9496 3 3 
3.68785 -59.8963 -59.9088 3 3 
